247
719
792
443
636
-540
916
191
-435
-779
344
151
434
868
-682
-423
-123
773
-372
158
-283
-601
404
-906
331
598
-49
411
-840
-971
-137
532
153
419
-475
553
-733
-549
631
37
-723
-261
-638
-839
737
883
312
419
114
279
-30
437
-745
-540
766
569
840
-730
-995
447
-189
-233
511
961
465
765
-401
-515
741
-771
-589
-762
-24
-521
-129
-416
-422
-483
-527
-262
-431
-442
348
-238
-308
744
714
169
-794
181
-761
751
69
7
-752
144
-124
-534
-212
-573
-843
917
-627
-29
-784
-605
-558
645
886
603
-36
754
-997
455
-120
-49
508
-229
710
-864
108
-763
809
557
521
-740
790
-716
988
471
-593
341
793
810
-737
-145
-708
138
253
328
-420
-989
52
-145
455
-434
-585
450
298
675
-576
-777
-637
-120
-672
330
-75
-586
279
450
-360
-418
-767
-92
484
-404
-158
9
-510
-300
723
-144
818
-733
-660
583
-946
-357
-480
-696
-762
-241
840
482
332
-315
-567
287
-283
775
859
255
-376
91
-415
841
580
99
-778
111
-935
-32
512
576
540
617
752
845
-499
735
-385
297
90
507
-213
809
663
333
794
-249
-628
-914
136
-149
768
-368
-549
-211
440
593
856
-813
522
-421
383
370
569
-994
191
450
143
-228
390
-914
-784
-82
793
861
649
88
158
-186
-667
701
214
854
-808
522
695
399
-919
-722
-39
-78
-470
-88
-93
-112
626
-673
216
-750
688
821
-755
437
-44
-721
-784
-905
-160
675
-224
-392
4
-499
786
-923
730
-350
-492
-208
496
414
-789
570
-803
869
-366
187
-248
237
186
-581
-815
752
-534
-166
-716
-441
-228
-786
-942
-219
-227
454
-96
-406
440
-973
-779
-734
-684
-487
782
-369
-27
683
914
145
475
889
636
594
-564
712
300
-571
-252
-117
53
1000
-636
-272
-957
671
62
232
351
496
-21
804
422
155
-188
150
-712
-769
645
731
863
-592
-727
284
895
811
387
609
-741
-952
-867
-594
-320
-673
-90
692
545
-467
273
530
331
-29
-130
-245
-736
-557
-461
-813
-692
-565
895
-998
209
-107
-57
-585
-634
-325
-387
-953
471
198
20
-361
-25
-532
-659
-225
-990
241
-861
645
-141
-577
-621
-849
-133
-283
750
-962
229
432
349
910
-141
772
-218
862
42
678
553
-673
413
-507
382
641
-145
-527
-870
603
958
-923
-170
-888
367
290
55
929
157
-462
-976
-142
512
-76
-799
83
-198
497
-1
-21
-79
363
776
-660
-994
563
-327
-778
-684
-712
957
369
-967
677
636
-371
-430
-208
757
832
-857
529
-580
-371
-603
-910
2
705
410
-665
554
332
-469
561
-584
661
-454
315
531
-729
460
639
537
950
383
747
509
406
-349
-118
825
-198
-239
-892
-534
-602
-709
836
649
553
629
-89
-563
-732
-875
368
-207
-967
-286
-411
-672
650
230
819
299
209
595
286
172
225
-714
-48
798
79
-643
935
-379
426
-735
-746
79
695
-518
706
330
860
260
-408
33
-323
-998
785
-571
356
510
-606
919
-295
111
-952
593
-473
-109
63
896
-396
518
187
-75
-297
852
560
596
932
24
421
250
-176
-455
-754
-4
-430
-733
-572
-882
-849
309
-765
740
-329
-971
-242
394
-691
-316
676
-510
-413
-424
350
-203
-827
248
216
308
949
-571
-45
-871
711
908
984
-607
819
-544
285
557
333
-157
31
-962
548
960
787
-252
-974
722
517
-214
-925
-655
46
-19
571
122
-433
841
363
-463
-84
-456
414
797
906
-86
883
-271
-37
30
-662
11
-829
-852
-654
-977
-733
-723
-176
945
-672
-170
432
-453
630
-391
-643
664
966
-70
-201
686
-642
121
-207
-399
62
356
-249
54
137
338
-680
-111
-341
820
-872
289
2
-881
-198
542
427
859
422
473
-720
-806
-888
579
125
-154
-90
953
627
409
566
-381
-298
814
148
-479
-475
-499
91
-39
-227
-842
-751
-16
373
-721
37
-166
-923
277
-722
-314
-991
628
248
634
-476
476
-853
563
554
173
980
264
843
652
632
-966
-781
-925
-927
143
328
-653
940
-725
-450
-816
794
415
-33
-364
995
920
40
-364
-444
473
-832
-781
478
743
-533
596
196
273
735
-29
-742
578
-947
481
595
-261
442
-189
-174
-951
665
-354
897
-112
480
-377
-696
-693
-891
-149
29
-115
-3
100
-840
-993
399
307
-686
343
-35
719
181
595
-579
-729
-158
-521
536
921
-273
995
14
361
-46
-629
-343
110
176
-362
73
423
896
719
-741
-398
340
138
-399
-67
-172
468
32
523
417
-705
930
-901
222
62
-73
-292
229
-559
-937
-500
-736
75
918
675
514
-579
142
-238
-766
630
927
-565
316
-944
123
924
719
-766
-260
-116
-722
290
135
866
655
-705
70
-109
-992
215
-964
482
4
-866
-280
965
-281
-730
-164
244
-423
952
-301
462
-402
991
822
170
57
-350
-271
884
-955
-74
29
646
476
-897
-891
-437
135
530
-985
237
400
659
482
-627
370
99
829
-637
-444
-131
-519
-877
-440
576
826
514
-231
282
234
-954
-364
-597
43
585
825
302
756
729
-925
252
223
330
-389
-546
912
-113
-873
975
438
786
187
-524
703
-629
-680
827
-572
-849
851
268
537
297
469
-717
-486
789
635
235
-701
196
-456
-165
-169
-65
-162
-321
-989
41
-428
130
-842
593
-580
-212
284
648
186
